
function [A,B,C,D,E] = LoadDigitizedBanksFigure2
% These are the curves from Banks Et Al. Figure 2, digitized.
%
% A - Quantal fluctuations, 340 cd/m2
% B - Quantal + cone aperture, 340 cd/m2
% C - Quantal + cone aperture + optical blur, 340 cd/m2
% D - Quantal + cone aperture + optical blur, 34 cd/m2
% E - Quantal + cone aperture + optical blur, 3.4
A = [3.30E+00	6.16E+03
4.18E+00	4.84E+03
5.37E+00	3.80E+03
8.32E+00	2.45E+03
1.28E+01	1.56E+03
2.01E+01	1.01E+03
4.04E+01	5.04E+02
5.53E+01	3.68E+02];

B = [3.41E+00	6.01E+03
5.24E+00	3.93E+03
8.05E+00	2.53E+03
1.21E+01	1.68E+03
1.44E+01	1.40E+03
1.59E+01	1.23E+03
1.74E+01	1.09E+03
2.09E+01	8.74E+02
2.44E+01	7.16E+02
2.98E+01	5.53E+02
3.59E+01	4.31E+02
4.25E+01	3.36E+02
5.12E+01	2.54E+02];

C = [3.437224507608E0	5.266182008103E3
3.911871992809E0	4.534679512081E3
4.636785837258E0	3.808201387362E3
5.320443836319E0	3.279050612926E3
6.304715300134E0	2.686312948131E3
7.348494826636E0	2.164878778081E3
8.565077667496E0	1.744659023085E3
9.900835982023E0	1.394510487906E3
1.144591953018E1	1.123883468659E3
1.322862560786E1	8.836005114139E2
1.553033591197E1	6.501886716697E2
1.837749353126E1	4.666975219452E2
2.105555312696E1	3.491910026502E2
2.391882787888E1	2.527900748640E2
2.651251096966E1	1.830309583380E2
2.917362228514E1	1.439442603153E2
3.183178367404E1	1.104388431355E2
3.530839985967E1	8.542649310225E1
3.760115359014E1	6.719739836770E1
4.005337228172E1	5.418476110033E1
4.370284462540E1	4.157235806682E1
4.581339648607E1	3.465193581908E1
4.997448463827E1	2.593523424043E1
5.365216922526E1	2.023202070694E1
5.667040654558E1	1.591555040176E1
5.940720395556E1	1.326613780630E1
6.127057804451E1	1.115066226234E1
6.173052550989E1	1.043691020294E1];

D = [3.367419060641E0	1.656380021061E3
4.025656413107E0	1.437685419436E3
4.733599830337E0	1.227541675693E3
5.519703660020E0	1.030990336901E3
6.331867272262E0	8.660001857330E2
7.262891921170E0	7.214281779028E2
8.674176243227E0	5.717760613212E2
1.002341600874E1	4.421647280447E2
1.149217486732E1	3.534417428133E2
1.317267298844E1	2.756047902211E2
1.509890996818E1	2.149095344207E2
1.662320116527E1	1.776049753708E2
1.904393870567E1	1.317936250517E2
2.163937928353E1	9.780390610266E1
2.499430147996E1	7.257264559340E1
2.793718125238E1	5.341847905452E1
3.123206432239E1	3.997483044105E1
3.407177709885E1	3.016737890047E1
3.688298819732E1	2.372752380771E1
3.959725325072E1	1.850979052480E1
4.284926018222E1	1.408520740816E1
4.598638200011E1	1.063063569225E1];

E = [3.352289878626E0	5.039946933341E2
4.172746361021E0	4.161861274173E2
5.067148284146E0	3.380961685843E2
6.618319031860E0	2.548565177906E2
8.095105927451E0	1.890404995645E2
9.434463030149E0	1.510927270371E2
1.064600792146E1	1.258820239334E2
1.270460274461E1	9.261943250726E1
1.515859225350E1	6.702918916390E1
1.765106461358E1	4.932532168904E1
2.006374390166E1	3.783422305160E1
2.315805530373E1	2.627818590855E1
2.527478621838E1	2.066748828017E1
2.803278787125E1	1.585514270489E1
3.260475353324E1	1.047921015045E1];

end